1 2
1 4
1 6
1 8
1 10
1 12
1 14
1 16
1 18
1 20
1 22
1 24
1 26
1 28
1 30
1 32
1 34
1 36
1 38
1 40
1 42
1 44
1 46
1 48
1 50
2 3
2 5
2 7
2 9
2 11
2 13
2 15
2 17
2 19
2 21
2 23
2 25
2 27
2 29
2 31
2 33
2 35
2 37
2 39
2 41
2 43
2 45
2 47
2 49
3 4
3 6
3 8
3 10
3 12
3 14
3 16
3 18
3 20
3 22
3 24
3 26
3 28
3 30
3 32
3 34
3 36
3 38
3 40
3 42
3 44
3 46
3 48
3 50
4 5
4 7
4 9
4 11
4 13
4 15
4 17
4 19
4 21
4 23
4 25
4 27
4 29
4 31
4 33
4 35
4 37
4 39
4 41
4 43
4 45
4 47
4 49
5 6
5 8
5 10
5 12
5 14
5 16
5 18
5 20
5 22
5 24
5 26
5 28
5 30
5 32
5 34
5 36
5 38
5 40
5 42
5 44
5 46
5 48
5 50
6 7
6 9
6 11
6 13
6 15
6 17
6 19
6 21
6 23
6 25
6 27
6 29
6 31
6 33
6 35
6 37
6 39
6 41
6 43
6 45
6 47
6 49
7 8
7 10
7 12
7 14
7 16
7 18
7 20
7 22
7 24
7 26
7 28
7 30
7 32
7 34
7 36
7 38
7 40
7 42
7 44
7 46
7 48
7 50
8 9
8 11
8 13
8 15
8 17
8 19
8 21
8 23
8 25
8 27
8 29
8 31
8 33
8 35
8 37
8 39
8 41
8 43
8 45
8 47
8 49
9 10
9 12
9 14
9 16
9 18
9 20
9 22
9 24
9 26
9 28
9 30
9 32
9 34
9 36
9 38
9 40
9 42
9 44
9 46
9 48
9 50
10 11
10 13
10 15
10 17
10 19
10 21
10 23
10 25
10 27
10 29
10 31
10 33
10 35
10 37
10 39
10 41
10 43
10 45
10 47
10 49
11 12
11 14
11 16
11 18
11 20
11 22
11 24
11 26
11 28
11 30
11 32
11 34
11 36
11 38
11 40
11 42
11 44
11 46
11 48
11 50
12 13
12 15
12 17
12 19
12 21
12 23
12 25
12 27
12 29
12 31
12 33
12 35
12 37
12 39
12 41
12 43
12 45
12 47
12 49
13 14
13 16
13 18
13 20
13 22
13 24
13 26
13 28
13 30
13 32
13 34
13 36
13 38
13 40
13 42
13 44
13 46
13 48
13 50
14 15
14 17
14 19
14 21
14 23
14 25
14 27
14 29
14 31
14 33
14 35
14 37
14 39
14 41
14 43
14 45
14 47
14 49
15 16
15 18
15 20
15 22
15 24
15 26
15 28
15 30
15 32
15 34
15 36
15 38
15 40
15 42
15 44
15 46
15 48
15 50
16 17
16 19
16 21
16 23
16 25
16 27
16 29
16 31
16 33
16 35
16 37
16 39
16 41
16 43
16 45
16 47
16 49
17 18
17 20
17 22
17 24
17 26
17 28
17 30
17 32
17 34
17 36
17 38
17 40
17 42
17 44
17 46
17 48
17 50
18 19
18 21
18 23
18 25
18 27
18 29
18 31
18 33
18 35
18 37
18 39
18 41
18 43
18 45
18 47
18 49
19 20
19 22
19 24
19 26
19 28
19 30
19 32
19 34
19 36
19 38
19 40
19 42
19 44
19 46
19 48
19 50
20 21
20 23
20 25
20 27
20 29
20 31
20 33
20 35
20 37
20 39
20 41
20 43
20 45
20 47
20 49
21 22
21 24
21 26
21 28
21 30
21 32
21 34
21 36
21 38
21 40
21 42
21 44
21 46
21 48
21 50
22 23
22 25
22 27
22 29
22 31
22 33
22 35
22 37
22 39
22 41
22 43
22 45
22 47
22 49
23 24
23 26
23 28
23 30
23 32
23 34
23 36
23 38
23 40
23 42
23 44
23 46
23 48
23 50
24 25
24 27
24 29
24 31
24 33
24 35
24 37
24 39
24 41
24 43
24 45
24 47
24 49
25 26
25 28
25 30
25 32
25 34
25 36
25 38
25 40
25 42
25 44
25 46
25 48
25 50
26 27
26 29
26 31
26 33
26 35
26 37
26 39
26 41
26 43
26 45
26 47
26 49
27 28
27 30
27 32
27 34
27 36
27 38
27 40
27 42
27 44
27 46
27 48
27 50
28 29
28 31
28 33
28 35
28 37
28 39
28 41
28 43
28 45
28 47
28 49
29 30
29 32
29 34
29 36
29 38
29 40
29 42
29 44
29 46
29 48
29 50
30 31
30 33
30 35
30 37
30 39
30 41
30 43
30 45
30 47
30 49
31 32
31 34
31 36
31 38
31 40
31 42
31 44
31 46
31 48
31 50
32 33
32 35
32 37
32 39
32 41
32 43
32 45
32 47
32 49
33 34
33 36
33 38
33 40
33 42
33 44
33 46
33 48
33 50
34 35
34 37
34 39
34 41
34 43
34 45
34 47
34 49
35 36
35 38
35 40
35 42
35 44
35 46
35 48
35 50
36 37
36 39
36 41
36 43
36 45
36 47
36 49
37 38
37 40
37 42
37 44
37 46
37 48
37 50
38 39
38 41
38 43
38 45
38 47
38 49
39 40
39 42
39 44
39 46
39 48
39 50
40 41
40 43
40 45
40 47
40 49
41 42
41 44
41 46
41 48
41 50
42 43
42 45
42 47
42 49
43 44
43 46
43 48
43 50
44 45
44 47
44 49
45 46
45 48
45 50
46 47
46 49
47 48
47 50
48 49
49 50
